### Datafile rebinned by Will It Rebin...? 
### Original datafile = NX_223_sub.dat
### Number of datapoints = 159
   4.2297580000e-03   2.7429844943e+00   8.3225220360e-03   0.0
   4.7011480000e-03   2.6276674424e+00   6.9729409344e-03   0.0
   5.1725390000e-03   2.5213975287e+00   6.1080421541e-03   0.0
   5.6439290000e-03   2.4144568066e+00   5.4929023859e-03   0.0
   6.1153190000e-03   2.2810563353e+00   4.9795249709e-03   0.0
   6.5867090000e-03   2.1662939566e+00   4.5711140338e-03   0.0
   7.0580990000e-03   2.0413909998e+00   4.1854402001e-03   0.0
   7.5294890000e-03   1.9273672300e+00   3.8819400890e-03   0.0
   8.0008790000e-03   1.8206024359e+00   3.6176032335e-03   0.0
   8.4722700000e-03   1.7131281472e+00   3.3800034966e-03   0.0
   8.9436600000e-03   1.6132721423e+00   3.1521226474e-03   0.0
   9.4150500000e-03   1.5208247982e+00   2.9641802629e-03   0.0
   9.8864400000e-03   1.4308465785e+00   2.7955352508e-03   0.0
   1.0357830000e-02   1.3476773801e+00   2.6407086709e-03   0.0
   1.0829220000e-02   1.2676528378e+00   2.4859780636e-03   0.0
   1.1300610000e-02   1.1962253995e+00   2.3532866299e-03   0.0
   1.1772000000e-02   1.1265127699e+00   2.2331642430e-03   0.0
   1.2243390000e-02   1.0630710766e+00   2.1273447054e-03   0.0
   1.2714780000e-02   1.0024585988e+00   2.0198649387e-03   0.0
   1.3186170000e-02   9.4447720635e-01   1.9208378965e-03   0.0
   1.3657560000e-02   8.9128661599e-01   1.8326260693e-03   0.0
   1.4128950000e-02   8.4082261122e-01   1.7493350490e-03   0.0
   1.4600340000e-02   7.9189624227e-01   1.6671377703e-03   0.0
   1.5071730000e-02   7.4774546720e-01   1.5925282945e-03   0.0
   1.5543120000e-02   7.0520567431e-01   1.5238728296e-03   0.0
   1.6014510000e-02   6.6669272975e-01   1.4603966498e-03   0.0
   1.6485900000e-02   6.3255067366e-01   1.4002820200e-03   0.0
   1.6957290000e-02   5.9684292982e-01   1.3398903791e-03   0.0
   1.7428680000e-02   5.6374111348e-01   1.2859882181e-03   0.0
   1.7900070000e-02   5.3534897157e-01   1.2378222839e-03   0.0
   1.8371460000e-02   5.0604086515e-01   1.1887782624e-03   0.0
   1.8842850000e-02   4.7884070912e-01   1.1412211678e-03   0.0
   1.9314240000e-02   4.5714932349e-01   1.1022330189e-03   0.0
   1.9785630000e-02   4.3586374250e-01   1.0646709954e-03   0.0
   2.0257020000e-02   4.1304775303e-01   1.0263000568e-03   0.0
   2.0964105000e-02   3.8373299219e-01   6.8781664303e-04   0.0
   2.1906885000e-02   3.4916354077e-01   6.4419570984e-04   0.0
   2.2849665000e-02   3.1949619552e-01   6.0364183076e-04   0.0
   2.3792445000e-02   2.9352633276e-01   5.6903970376e-04   0.0
   2.4735225000e-02   2.6974851347e-01   5.3628148972e-04   0.0
   2.5678010000e-02   2.4973979032e-01   5.0859484224e-04   0.0
   2.6620795000e-02   2.3154315762e-01   4.8214331468e-04   0.0
   2.7563575000e-02   2.1587067595e-01   4.5937819186e-04   0.0
   2.8506355000e-02   2.0203273859e-01   4.3830800090e-04   0.0
   2.9449135000e-02   1.8961595871e-01   4.1959402889e-04   0.0
   3.0391915000e-02   1.7825647669e-01   4.1250580463e-04   0.0
   3.1334695000e-02   1.6712147293e-01   4.0530518853e-04   0.0
   3.2277475000e-02   1.5783122519e-01   3.9655280898e-04   0.0
   3.3220255000e-02   1.4828869405e-01   3.9918171359e-04   0.0
   3.4163035000e-02   1.3988493787e-01   3.9814604621e-04   0.0
   3.5105815000e-02   1.3193183820e-01   3.9429892893e-04   0.0
   3.6048595000e-02   1.2443235254e-01   3.8896087856e-04   0.0
   3.6991375000e-02   1.1782947558e-01   3.8441112611e-04   0.0
   3.7934155000e-02   1.1142862660e-01   3.7866555294e-04   0.0
   3.8876935000e-02   1.0549342303e-01   3.7470628044e-04   0.0
   4.0055410000e-02   9.7346039412e-02   3.0172547457e-04   0.0
   4.1469580000e-02   8.9915210370e-02   2.9221271188e-04   0.0
   4.2883750000e-02   8.2876913104e-02   2.8248553996e-04   0.0
   4.4297920000e-02   7.7268069288e-02   2.8300723607e-04   0.0
   4.5712090000e-02   7.1569011120e-02   2.9196258898e-04   0.0
   4.7126260000e-02   6.5915814161e-02   2.9372272979e-04   0.0
   4.8540430000e-02   6.0388523241e-02   2.9389493955e-04   0.0
   4.9954600000e-02   5.7345709724e-02   2.9456203023e-04   0.0
   5.1368770000e-02   5.3965246138e-02   2.7188257302e-04   0.0
   5.2782940000e-02   5.0736059526e-02   2.5747548073e-04   0.0
   5.4197110000e-02   4.8009206351e-02   2.4676414551e-04   0.0
   5.5611280000e-02   4.4879461324e-02   2.3668679638e-04   0.0
   5.7025453333e-02   4.3239301681e-02   2.2839788341e-04   0.0
   5.8439630000e-02   4.1388407090e-02   2.2071032115e-04   0.0
   5.9853800000e-02   3.9308751664e-02   2.1352187164e-04   0.0
   6.1503665000e-02   3.8003685276e-02   1.8134453167e-04   0.0
   6.3389225000e-02   3.6180414736e-02   1.7686473459e-04   0.0
   6.5274785000e-02   3.4437623755e-02   1.7308424165e-04   0.0
   6.7160345000e-02   3.3086238230e-02   1.6918461311e-04   0.0
   6.9045905000e-02   3.1826179863e-02   1.6619232849e-04   0.0
   7.0931465000e-02   3.0682260552e-02   1.6315490005e-04   0.0
   7.2817025000e-02   2.9328784997e-02   1.5974576990e-04   0.0
   7.4702585000e-02   2.8234994288e-02   1.5716040901e-04   0.0
   7.6588145000e-02   2.7243630380e-02   1.5425219024e-04   0.0
   7.8473705000e-02   2.6479356494e-02   1.5216105238e-04   0.0
   8.0359265000e-02   2.5288517675e-02   1.4926428374e-04   0.0
   8.2480520000e-02   2.4276720514e-02   1.3114281775e-04   0.0
   8.4837470000e-02   2.3514680580e-02   1.2900390208e-04   0.0
   8.7194420000e-02   2.2544149419e-02   1.2641349203e-04   0.0
   8.9551378000e-02   2.1299166452e-02   1.2378922825e-04   0.0
   9.1908330000e-02   2.0274501447e-02   1.2149273571e-04   0.0
   9.4265280000e-02   1.9322952558e-02   1.1922623038e-04   0.0
   9.6622230000e-02   1.8417252745e-02   1.1698634361e-04   0.0
   9.8979180000e-02   1.7647050503e-02   1.1504691700e-04   0.0
   1.0133610000e-01   1.6616781490e-02   1.1283267025e-04   0.0
   1.0392880000e-01   1.5561588216e-02   1.0094729168e-04   0.0
   1.0675710000e-01   1.4482020978e-02   9.8802391397e-05   0.0
   1.0958546667e-01   1.3442973620e-02   9.6722444958e-05   0.0
   1.1241380000e-01   1.2270026943e-02   9.4595826980e-05   0.0
   1.1524213333e-01   1.1206405437e-02   9.2703084192e-05   0.0
   1.1807050000e-01   1.0635878632e-02   9.0936018357e-05   0.0
   1.2089880000e-01   9.7452643849e-03   8.9057270547e-05   0.0
   1.2372716667e-01   8.9521514507e-03   8.8427557431e-05   0.0
   1.2679120000e-01   8.1123354455e-03   8.8244452336e-05   0.0
   1.3009091429e-01   7.4741320550e-03   9.0259367985e-05   0.0
   1.3339065714e-01   6.6307535060e-03   8.1451153781e-05   0.0
   1.3669040000e-01   6.1256709995e-03   7.7748754909e-05   0.0
   1.3999011429e-01   5.5901221480e-03   7.6095028428e-05   0.0
   1.4328985714e-01   5.0639916535e-03   7.4482374168e-05   0.0
   1.4658960000e-01   4.5891954355e-03   7.3092073146e-05   0.0
   1.5012500000e-01   4.1424210726e-03   6.7232912388e-05   0.0
   1.5389612500e-01   3.9444600707e-03   7.1041279373e-05   0.0
   1.5766725000e-01   3.5228694581e-03   6.6707171929e-05   0.0
   1.6143837500e-01   3.1848028485e-03   6.4564509330e-05   0.0
   1.6520950000e-01   2.9136790524e-03   6.3897777534e-05   0.0
   1.6921630000e-01   2.7220907552e-03   5.9232026362e-05   0.0
   1.7345882222e-01   2.6063631331e-03   5.8312039262e-05   0.0
   1.7770133333e-01   2.3692935883e-03   5.7443089699e-05   0.0
   1.8194384444e-01   2.1868535477e-03   5.6568940912e-05   0.0
   1.8618635556e-01   2.0248878347e-03   5.5776057840e-05   0.0
   1.9042886667e-01   1.7820764881e-03   5.5042183575e-05   0.0
   1.9490707000e-01   1.5383944712e-03   5.1392839813e-05   0.0
   1.9962098000e-01   1.4622850742e-03   5.0451725630e-05   0.0
   2.0433488000e-01   1.3961119308e-03   5.1258300336e-05   0.0
   2.0904878000e-01   1.3123654953e-03   5.5135671728e-05   0.0
   2.1376268000e-01   1.1632835760e-03   5.1330006591e-05   0.0
   2.1871227273e-01   1.0805331645e-03   4.7216535467e-05   0.0
   2.2389756364e-01   1.0497993084e-03   4.6451235299e-05   0.0
   2.2908285455e-01   1.1354238970e-03   4.5752661079e-05   0.0
   2.3426815455e-01   1.0148830055e-03   4.5075745128e-05   0.0
   2.3968914167e-01   9.0532614900e-04   4.2516788440e-05   0.0
   2.4534582500e-01   8.7149151483e-04   4.1933420528e-05   0.0
   2.5100250000e-01   8.1302319963e-04   4.1419765209e-05   0.0
   2.5665917500e-01   7.9492033454e-04   4.0770917667e-05   0.0
   2.6255156154e-01   6.7819501050e-04   3.8683589670e-05   0.0
   2.6867963846e-01   6.1171164250e-04   3.8250968585e-05   0.0
   2.7480770769e-01   5.7605108050e-04   3.7728728378e-05   0.0
   2.8093576923e-01   6.2685841050e-04   3.7310480534e-05   0.0
   2.8729954286e-01   6.0286261750e-04   3.7821138639e-05   0.0
   2.9389900714e-01   5.7490072250e-04   3.6867643336e-05   0.0
   3.0049846429e-01   5.3679370225e-04   3.5498487438e-05   0.0
   3.0733363333e-01   5.5636937720e-04   3.3716734565e-05   0.0
   3.1440446667e-01   5.1571008883e-04   3.3199433020e-05   0.0
   3.2147533333e-01   5.0129446033e-04   3.2720620436e-05   0.0
   3.2854617333e-01   5.0513008303e-04   3.2270118802e-05   0.0
   3.3585273750e-01   4.9707932706e-04   3.0953911930e-05   0.0
   3.4339496250e-01   4.7059622837e-04   3.2843660470e-05   0.0
   3.5093721250e-01   4.5758250037e-04   3.3664468354e-05   0.0
   3.5871515294e-01   4.1090981482e-04   3.3107858528e-05   0.0
   3.6672878235e-01   4.3092353850e-04   3.5526076845e-05   0.0
   3.7497811111e-01   4.0725333639e-04   3.8194424544e-05   0.0
   3.8346313333e-01   4.4409013639e-04   4.0872393869e-05   0.0
   3.9194815556e-01   4.7387163056e-04   4.3490025222e-05   0.0
   4.0066887368e-01   4.6112075818e-04   4.4132935991e-05   0.0
   4.0962528421e-01   4.7260140200e-04   4.6942735771e-05   0.0
   4.1858169474e-01   3.9082103826e-04   5.0264130599e-05   0.0
   4.2777381000e-01   3.4455435560e-04   5.2749177533e-05   0.0
   4.3720161000e-01   4.3691612055e-04   5.7563756915e-05   0.0
   4.4686510476e-01   4.4174290767e-04   6.0369083778e-05   0.0
   4.5676430476e-01   3.6872256417e-04   6.7065338407e-05   0.0
   4.6666349524e-01   3.1111919583e-04   7.7677656918e-05   0.0
   4.7679838182e-01   3.8622015250e-04   9.3598373062e-05   0.0
   4.8716896818e-01   1.5165531166e-04   1.3677055565e-04   0.0
   4.9353272000e-01   9.5061360940e-04   5.5014143439e-04   0.0
