### Datafile rebinned by Will It Rebin...? 
### Original datafile = NX_228_sub.dat
### Number of datapoints = 159
   4.2297580000e-03   2.9489552820e+00   8.4741274800e-03   0.0
   4.7011480000e-03   2.8425139470e+00   7.1286218640e-03   0.0
   5.1725390000e-03   2.7615648060e+00   6.2816284440e-03   0.0
   5.6439290000e-03   2.6627377140e+00   5.6759255280e-03   0.0
   6.1153190000e-03   2.5539638670e+00   5.1836393700e-03   0.0
   6.5867090000e-03   2.4422923980e+00   4.7837904660e-03   0.0
   7.0580990000e-03   2.3246078310e+00   4.4045770860e-03   0.0
   7.5294890000e-03   2.2175186670e+00   4.1079688650e-03   0.0
   8.0008790000e-03   2.1063942900e+00   3.8408479200e-03   0.0
   8.4722700000e-03   2.0046196170e+00   3.6095139990e-03   0.0
   8.9436600000e-03   1.9043371620e+00   3.3821702460e-03   0.0
   9.4150500000e-03   1.8100874610e+00   3.1947298110e-03   0.0
   9.8864400000e-03   1.7241931980e+00   3.0290371020e-03   0.0
   1.0357830000e-02   1.6354234260e+00   2.8722215340e-03   0.0
   1.0829220000e-02   1.5508264590e+00   2.7150636240e-03   0.0
   1.1300610000e-02   1.4709493890e+00   2.5764175710e-03   0.0
   1.1772000000e-02   1.3937094990e+00   2.4524340750e-03   0.0
   1.2243390000e-02   1.3225621500e+00   2.3428142010e-03   0.0
   1.2714780000e-02   1.2498537870e+00   2.2269060450e-03   0.0
   1.3186170000e-02   1.1852322300e+00   2.1248144190e-03   0.0
   1.3657560000e-02   1.1190824190e+00   2.0282911740e-03   0.0
   1.4128950000e-02   1.0589244120e+00   1.9390447440e-03   0.0
   1.4600340000e-02   9.9987533100e-01   1.8498196080e-03   0.0
   1.5071730000e-02   9.4150929600e-01   1.7645486040e-03   0.0
   1.5543120000e-02   8.9150852700e-01   1.6910187840e-03   0.0
   1.6014510000e-02   8.4246435000e-01   1.6196912550e-03   0.0
   1.6485900000e-02   7.9210862640e-01   1.5469591410e-03   0.0
   1.6957290000e-02   7.4411596350e-01   1.4771590470e-03   0.0
   1.7428680000e-02   7.0049110950e-01   1.4156750790e-03   0.0
   1.7900070000e-02   6.6094512120e-01   1.3575817710e-03   0.0
   1.8371460000e-02   6.2283836160e-01   1.3015711800e-03   0.0
   1.8842850000e-02   5.8647631770e-01   1.2467497770e-03   0.0
   1.9314240000e-02   5.5137618900e-01   1.1957924160e-03   0.0
   1.9785630000e-02   5.1630988500e-01   1.1455049970e-03   0.0
   2.0257020000e-02   4.8536945730e-01   1.0992634380e-03   0.0
   2.0964105000e-02   4.4282097405e-01   7.3057103745e-04   0.0
   2.1906885000e-02   3.9326967225e-01   6.7660286753e-04   0.0
   2.2849665000e-02   3.4701853095e-01   6.2367301060e-04   0.0
   2.3792445000e-02   3.0679621245e-01   5.7804796544e-04   0.0
   2.4735225000e-02   2.7231704955e-01   5.3657482499e-04   0.0
   2.5678010000e-02   2.4178743225e-01   4.9979028242e-04   0.0
   2.6620795000e-02   2.1518258580e-01   4.6573946714e-04   0.0
   2.7563575000e-02   1.9207003725e-01   4.3574105909e-04   0.0
   2.8506355000e-02   1.7162509455e-01   4.0840368693e-04   0.0
   2.9449135000e-02   1.5538972995e-01   3.8516643627e-04   0.0
   3.0391915000e-02   1.4018929470e-01   3.7254771178e-04   0.0
   3.1334695000e-02   1.2730568760e-01   3.6232895022e-04   0.0
   3.2277475000e-02   1.1599574805e-01   3.4994437755e-04   0.0
   3.3220255000e-02   1.0645742835e-01   3.4936710156e-04   0.0
   3.4163035000e-02   9.7316774100e-02   3.4521273971e-04   0.0
   3.5105815000e-02   8.9581155300e-02   3.3964058333e-04   0.0
   3.6048595000e-02   8.3107042200e-02   3.3398804676e-04   0.0
   3.6991375000e-02   7.7396278050e-02   3.2919466937e-04   0.0
   3.7934155000e-02   7.1876455560e-02   3.2281419395e-04   0.0
   3.8876935000e-02   6.7261599405e-02   3.1809073323e-04   0.0
   4.0055410000e-02   6.2422468290e-02   2.5781587630e-04   0.0
   4.1469580000e-02   5.6943770520e-02   2.4950035647e-04   0.0
   4.2883750000e-02   5.2393649490e-02   2.4140162611e-04   0.0
   4.4297920000e-02   4.8300410340e-02   2.4294248595e-04   0.0
   4.5712090000e-02   4.4597733180e-02   2.5109358901e-04   0.0
   4.7126260000e-02   4.1379240630e-02   2.5404140822e-04   0.0
   4.8540430000e-02   3.8245956840e-02   2.5562149169e-04   0.0
   4.9954600000e-02   3.5373655590e-02   2.5614317784e-04   0.0
   5.1368770000e-02   3.3606690390e-02   2.3751184045e-04   0.0
   5.2782940000e-02   3.1510186890e-02   2.2523814694e-04   0.0
   5.4197110000e-02   2.9796421200e-02   2.1687675163e-04   0.0
   5.5611280000e-02   2.8634639670e-02   2.1010835474e-04   0.0
   5.7025453333e-02   2.7393846480e-02   2.0261268535e-04   0.0
   5.8439630000e-02   2.6322657270e-02   1.9619326394e-04   0.0
   5.9853800000e-02   2.5062620310e-02   1.9071755691e-04   0.0
   6.1503665000e-02   2.4153073717e-02   1.6193110613e-04   0.0
   6.3389225000e-02   2.3250648330e-02   1.5882191848e-04   0.0
   6.5274785000e-02   2.2455452565e-02   1.5614785666e-04   0.0
   6.7160345000e-02   2.2043237580e-02   1.5404629402e-04   0.0
   6.9045905000e-02   2.1407857380e-02   1.5168920440e-04   0.0
   7.0931465000e-02   2.1102046875e-02   1.4948288565e-04   0.0
   7.2817025000e-02   2.0922669495e-02   1.4799575521e-04   0.0
   7.4702585000e-02   2.0600354093e-02   1.4587971021e-04   0.0
   7.6588145000e-02   2.0122872998e-02   1.4409076813e-04   0.0
   7.8473705000e-02   1.9875051788e-02   1.4255511071e-04   0.0
   8.0359265000e-02   1.9479611970e-02   1.4077831244e-04   0.0
   8.2480520000e-02   1.9169119242e-02   1.2429011157e-04   0.0
   8.4837470000e-02   1.8644263092e-02   1.2231202097e-04   0.0
   8.7194420000e-02   1.8286573032e-02   1.2075404455e-04   0.0
   8.9551378000e-02   1.7925726546e-02   1.1908240050e-04   0.0
   9.1908330000e-02   1.7396134938e-02   1.1735964202e-04   0.0
   9.4265280000e-02   1.6767950472e-02   1.1570352303e-04   0.0
   9.6622230000e-02   1.6037068320e-02   1.1366053692e-04   0.0
   9.8979180000e-02   1.5721969536e-02   1.1214693631e-04   0.0
   1.0133610000e-01   1.5111988164e-02   1.1035677598e-04   0.0
   1.0392880000e-01   1.4163114420e-02   9.8823742945e-05   0.0
   1.0675710000e-01   1.3462485855e-02   9.6859282798e-05   0.0
   1.0958546667e-01   1.2582810240e-02   9.5042558229e-05   0.0
   1.1241380000e-01   1.1652669210e-02   9.3260387095e-05   0.0
   1.1524213333e-01   1.0946543790e-02   9.1517061395e-05   0.0
   1.1807050000e-01   9.8578307100e-03   8.9469041124e-05   0.0
   1.2089880000e-01   9.2345880900e-03   8.7892152066e-05   0.0
   1.2372716667e-01   8.6804349450e-03   8.7438981389e-05   0.0
   1.2679120000e-01   7.6522628520e-03   8.6970226880e-05   0.0
   1.3009091429e-01   6.8471447850e-03   8.8860259134e-05   0.0
   1.3339065714e-01   6.1930129950e-03   8.0363971998e-05   0.0
   1.3669040000e-01   5.5798603380e-03   7.6730655087e-05   0.0
   1.3999011429e-01   5.0024577330e-03   7.5006553744e-05   0.0
   1.4328985714e-01   4.5275296950e-03   7.3492091825e-05   0.0
   1.4658960000e-01   4.1956732350e-03   7.2195548845e-05   0.0
   1.5012500000e-01   3.7352017316e-03   6.6299675181e-05   0.0
   1.5389612500e-01   3.3448927444e-03   7.0087177205e-05   0.0
   1.5766725000e-01   2.9163145489e-03   6.5694509945e-05   0.0
   1.6143837500e-01   2.7025306718e-03   6.3643865042e-05   0.0
   1.6520950000e-01   2.4195562414e-03   6.2884702577e-05   0.0
   1.6921630000e-01   2.1341094320e-03   5.8236699733e-05   0.0
   1.7345882222e-01   2.0196352540e-03   5.7397254974e-05   0.0
   1.7770133333e-01   1.6746551640e-03   5.6475932505e-05   0.0
   1.8194384444e-01   1.6378687780e-03   5.5682738291e-05   0.0
   1.8618635556e-01   1.4832781600e-03   5.4957666375e-05   0.0
   1.9042886667e-01   1.2994890090e-03   5.4228396298e-05   0.0
   1.9490707000e-01   1.3093644564e-03   5.0804740799e-05   0.0
   1.9962098000e-01   1.1758092255e-03   4.9846360017e-05   0.0
   2.0433488000e-01   1.0932299469e-03   5.0609225997e-05   0.0
   2.0904878000e-01   1.0329990571e-03   5.4476975753e-05   0.0
   2.1376268000e-01   8.9327244006e-04   5.0682490826e-05   0.0
   2.1871227273e-01   8.5029583647e-04   4.6759618112e-05   0.0
   2.2389756364e-01   8.7434012782e-04   4.5926714275e-05   0.0
   2.2908285455e-01   7.7225919349e-04   4.5202783518e-05   0.0
   2.3426815455e-01   7.9424038661e-04   4.4618997335e-05   0.0
   2.3968914167e-01   8.7736037708e-04   4.2166835660e-05   0.0
   2.4534582500e-01   7.0828378530e-04   4.1531499155e-05   0.0
   2.5100250000e-01   6.0424161525e-04   4.0967315163e-05   0.0
   2.5665917500e-01   6.8603505652e-04   4.0356606030e-05   0.0
   2.6255156154e-01   6.9011627580e-04   3.8370773352e-05   0.0
   2.6867963846e-01   6.5709262710e-04   3.7917152674e-05   0.0
   2.7480770769e-01   6.1898658570e-04   3.7432113246e-05   0.0
   2.8093576923e-01   6.0525717840e-04   3.7025638757e-05   0.0
   2.8729954286e-01   5.3547370695e-04   3.7516755035e-05   0.0
   2.9389900714e-01   5.1600462030e-04   3.6591910294e-05   0.0
   3.0049846429e-01   4.9237119945e-04   3.5202466712e-05   0.0
   3.0733363333e-01   4.7366327736e-04   3.3430007600e-05   0.0
   3.1440446667e-01   4.6359537588e-04   3.2935004438e-05   0.0
   3.2147533333e-01   5.0402800812e-04   3.2468296345e-05   0.0
   3.2854617333e-01   4.7496119580e-04   3.2006485265e-05   0.0
   3.3585273750e-01   4.4162594044e-04   3.0698698406e-05   0.0
   3.4339496250e-01   3.7351159926e-04   3.2568189436e-05   0.0
   3.5093721250e-01   4.5299929618e-04   3.3407493527e-05   0.0
   3.5871515294e-01   4.3170987325e-04   3.2897027831e-05   0.0
   3.6672878235e-01   3.7240402226e-04   3.5268226953e-05   0.0
   3.7497811111e-01   4.4199342915e-04   3.7893252551e-05   0.0
   3.8346313333e-01   4.2751373210e-04   4.0526302103e-05   0.0
   3.9194815556e-01   4.4771660570e-04   4.3146320629e-05   0.0
   4.0066887368e-01   3.7644307629e-04   4.3753855412e-05   0.0
   4.0962528421e-01   4.3019653088e-04   4.6585595005e-05   0.0
   4.1858169474e-01   4.0550149975e-04   4.9846497196e-05   0.0
   4.2777381000e-01   3.1998960057e-04   5.2389591986e-05   0.0
   4.3720161000e-01   4.0536023755e-04   5.7152760704e-05   0.0
   4.4686510476e-01   3.3235091721e-04   5.9871514552e-05   0.0
   4.5676430476e-01   3.4287199362e-04   6.6539703720e-05   0.0
   4.6666349524e-01   3.0418881246e-04   7.7156149140e-05   0.0
   4.7679838182e-01   3.1739710982e-04   9.2756103826e-05   0.0
   4.8716896818e-01   1.2637141037e-04   1.3564705580e-04   0.0
   4.9353272000e-01   6.3133947349e-04   5.4693115564e-04   0.0
