### Datafile rebinned by Will It Rebin...? 
### Original datafile = NX_215_sub.dat
### Number of datapoints = 159
   4.2297580000e-03   9.8308665000e-01   7.1601541830e-03   0.0
   4.7011480000e-03   9.8214234300e-01   5.9123978550e-03   0.0
   5.1725390000e-03   9.9163127700e-01   5.1157934100e-03   0.0
   5.6439290000e-03   9.9276968700e-01   4.5734802750e-03   0.0
   6.1153190000e-03   9.7965749700e-01   4.1484864330e-03   0.0
   6.5867090000e-03   9.7178690700e-01   3.8225113290e-03   0.0
   7.0580990000e-03   9.6130452600e-01   3.5370005580e-03   0.0
   7.5294890000e-03   9.4859282700e-01   3.3162628590e-03   0.0
   8.0008790000e-03   9.3978857700e-01   3.1341926070e-03   0.0
   8.4722700000e-03   9.2816205300e-01   2.9773254420e-03   0.0
   8.9436600000e-03   9.1822348800e-01   2.8275483600e-03   0.0
   9.4150500000e-03   9.0537911100e-01   2.7070677270e-03   0.0
   9.8864400000e-03   8.9093358900e-01   2.6005739760e-03   0.0
   1.0357830000e-02   8.7762893400e-01   2.5037214930e-03   0.0
   1.0829220000e-02   8.6913672300e-01   2.4097396050e-03   0.0
   1.1300610000e-02   8.5697703000e-01   2.3260599180e-03   0.0
   1.1772000000e-02   8.4587794200e-01   2.2539436920e-03   0.0
   1.2243390000e-02   8.3296476900e-01   2.1888430200e-03   0.0
   1.2714780000e-02   8.1952334100e-01   2.1190060710e-03   0.0
   1.3186170000e-02   8.0850033810e-01   2.0581388100e-03   0.0
   1.3657560000e-02   7.9549150590e-01   2.0023059420e-03   0.0
   1.4128950000e-02   7.8350011740e-01   1.9501200810e-03   0.0
   1.4600340000e-02   7.7092732080e-01   1.8962421660e-03   0.0
   1.5071730000e-02   7.6007016540e-01   1.8470079810e-03   0.0
   1.5543120000e-02   7.4863692540e-01   1.8031390650e-03   0.0
   1.6014510000e-02   7.3710090090e-01   1.7613209250e-03   0.0
   1.6485900000e-02   7.2354030840e-01   1.7159778090e-03   0.0
   1.6957290000e-02   7.1100027180e-01   1.6732939860e-03   0.0
   1.7428680000e-02   6.9838742610e-01   1.6351318620e-03   0.0
   1.7900070000e-02   6.8744992680e-01   1.5997748130e-03   0.0
   1.8371460000e-02   6.7557614670e-01   1.5638559300e-03   0.0
   1.8842850000e-02   6.6146854410e-01   1.5247838970e-03   0.0
   1.9314240000e-02   6.4961548470e-01   1.4921238150e-03   0.0
   1.9785630000e-02   6.3692851950e-01   1.4597012430e-03   0.0
   2.0257020000e-02   6.2676169920e-01   1.4307479550e-03   0.0
   2.0964105000e-02   6.0862830210e-01   9.7789560246e-04   0.0
   2.1906885000e-02   5.8638815235e-01   9.3928869270e-04   0.0
   2.2849665000e-02   5.6421360450e-01   8.9963822051e-04   0.0
   2.3792445000e-02   5.4213610815e-01   8.6489307284e-04   0.0
   2.4735225000e-02   5.1919423920e-01   8.2913791045e-04   0.0
   2.5678010000e-02   4.9903373520e-01   7.9847686759e-04   0.0
   2.6620795000e-02   4.7833850610e-01   7.6724380879e-04   0.0
   2.7563575000e-02   4.5757345725e-01   7.3815270941e-04   0.0
   2.8506355000e-02   4.3730787555e-01   7.0948716443e-04   0.0
   2.9449135000e-02   4.1940220140e-01   6.8421516064e-04   0.0
   3.0391915000e-02   4.0301298765e-01   6.7751479050e-04   0.0
   3.1334695000e-02   3.8545006500e-01   6.6997782070e-04   0.0
   3.2277475000e-02   3.6749725740e-01   6.5634397732e-04   0.0
   3.3220255000e-02   3.5206918110e-01   6.6448868650e-04   0.0
   3.4163035000e-02   3.3607984410e-01   6.6422774422e-04   0.0
   3.5105815000e-02   3.1872453795e-01   6.5697906473e-04   0.0
   3.6048595000e-02   3.0609760545e-01   6.5143703430e-04   0.0
   3.6991375000e-02   2.9232861840e-01   6.4402336149e-04   0.0
   3.7934155000e-02   2.7828133515e-01   6.3400218224e-04   0.0
   3.8876935000e-02   2.6555546745e-01   6.2676481317e-04   0.0
   4.0055410000e-02   2.4986928330e-01   5.0555649097e-04   0.0
   4.1469580000e-02   2.3333323650e-01   4.8933369128e-04   0.0
   4.2883750000e-02   2.1704693010e-01   4.7088401584e-04   0.0
   4.4297920000e-02   2.0262253830e-01   4.6965458985e-04   0.0
   4.5712090000e-02   1.8912050430e-01   4.8238713889e-04   0.0
   4.7126260000e-02   1.7676769110e-01   4.8485923267e-04   0.0
   4.8540430000e-02   1.6322631780e-01   4.8178113828e-04   0.0
   4.9954600000e-02   1.5299381370e-01   4.7847109666e-04   0.0
   5.1368770000e-02   1.4387763390e-01   4.3750551000e-04   0.0
   5.2782940000e-02   1.3442408070e-01   4.0967129660e-04   0.0
   5.4197110000e-02   1.2579179340e-01   3.8972914445e-04   0.0
   5.5611280000e-02   1.1772199530e-01   3.7045454651e-04   0.0
   5.7025453333e-02   1.1056287060e-01   3.5229260282e-04   0.0
   5.8439630000e-02   1.0370167080e-01   3.3615473966e-04   0.0
   5.9853800000e-02   9.7060481700e-02   3.2100466833e-04   0.0
   6.1503665000e-02   8.9944279425e-02   2.6654786418e-04   0.0
   6.3389225000e-02   8.2997380147e-02   2.5570719200e-04   0.0
   6.5274785000e-02   7.5913808198e-02   2.4442785467e-04   0.0
   6.7160345000e-02   7.0756976745e-02   2.3583971052e-04   0.0
   6.9045905000e-02   6.5344318358e-02   2.2681646249e-04   0.0
   7.0931465000e-02   6.0671337773e-02   2.1879618871e-04   0.0
   7.2817025000e-02   5.6102233005e-02   2.1090803219e-04   0.0
   7.4702585000e-02   5.2280889570e-02   2.0398481990e-04   0.0
   7.6588145000e-02   4.8759111765e-02   1.9750709708e-04   0.0
   7.8473705000e-02   4.5256344997e-02   1.9116486640e-04   0.0
   8.0359265000e-02   4.2082367828e-02   1.8505909767e-04   0.0
   8.2480520000e-02   3.9225647916e-02   1.6031794671e-04   0.0
   8.4837470000e-02   3.6310569750e-02   1.5510115268e-04   0.0
   8.7194420000e-02   3.3424788852e-02   1.4983545668e-04   0.0
   8.9551378000e-02   3.0935534994e-02   1.4515849677e-04   0.0
   9.1908330000e-02   2.8720940976e-02   1.4081544198e-04   0.0
   9.4265280000e-02   2.6593044660e-02   1.3672030319e-04   0.0
   9.6622230000e-02   2.5062838164e-02   1.3340329730e-04   0.0
   9.8979180000e-02   2.3397236226e-02   1.2983672630e-04   0.0
   1.0133610000e-01   2.1888004320e-02   1.2658893394e-04   0.0
   1.0392880000e-01   2.0495384910e-02   1.1264492084e-04   0.0
   1.0675710000e-01   1.8596156670e-02   1.0923810291e-04   0.0
   1.0958546667e-01   1.7364442095e-02   1.0643670791e-04   0.0
   1.1241380000e-01   1.5959079045e-02   1.0363429275e-04   0.0
   1.1524213333e-01   1.5272066355e-02   1.0165078038e-04   0.0
   1.1807050000e-01   1.4075166105e-02   9.9172875856e-05   0.0
   1.2089880000e-01   1.3223968485e-02   9.7113037842e-05   0.0
   1.2372716667e-01   1.2274556385e-02   9.5999338254e-05   0.0
   1.2679120000e-01   1.1323265850e-02   9.5401743604e-05   0.0
   1.3009091429e-01   1.0467562950e-02   9.7194411961e-05   0.0
   1.3339065714e-01   9.7868663100e-03   8.7755155774e-05   0.0
   1.3669040000e-01   9.0662071500e-03   8.3547358830e-05   0.0
   1.3999011429e-01   8.4035601000e-03   8.1468808213e-05   0.0
   1.4328985714e-01   7.9483262040e-03   7.9782347181e-05   0.0
   1.4658960000e-01   7.1913797280e-03   7.7915560151e-05   0.0
   1.5012500000e-01   6.8766734059e-03   7.1699194858e-05   0.0
   1.5389612500e-01   6.4227363086e-03   7.5469887220e-05   0.0
   1.5766725000e-01   5.8992863816e-03   7.0619938207e-05   0.0
   1.6143837500e-01   5.3383682284e-03   6.7960675626e-05   0.0
   1.6520950000e-01   4.8617458549e-03   6.6960673072e-05   0.0
   1.6921630000e-01   4.6220846490e-03   6.2032072371e-05   0.0
   1.7345882222e-01   4.2281347290e-03   6.0840371606e-05   0.0
   1.7770133333e-01   3.9572991640e-03   5.9774738731e-05   0.0
   1.8194384444e-01   3.5518915250e-03   5.8637790381e-05   0.0
   1.8618635556e-01   3.3955390560e-03   5.7825012405e-05   0.0
   1.9042886667e-01   2.9856522150e-03   5.6767638566e-05   0.0
   1.9490707000e-01   2.9432349765e-03   5.3169351607e-05   0.0
   1.9962098000e-01   2.6830700442e-03   5.2021957228e-05   0.0
   2.0433488000e-01   2.5647303591e-03   5.2792553999e-05   0.0
   2.0904878000e-01   2.3953861386e-03   5.6704727727e-05   0.0
   2.1376268000e-01   2.0613169395e-03   5.2619919180e-05   0.0
   2.1871227273e-01   1.9481637878e-03   4.8355824161e-05   0.0
   2.2389756364e-01   1.9812399218e-03   4.7572304394e-05   0.0
   2.2908285455e-01   1.7160403508e-03   4.6651808228e-05   0.0
   2.3426815455e-01   1.7232270758e-03   4.6041353184e-05   0.0
   2.3968914167e-01   1.6172279760e-03   4.3409649830e-05   0.0
   2.4534582500e-01   1.4538335175e-03   4.2730800939e-05   0.0
   2.5100250000e-01   1.3597541003e-03   4.2133416711e-05   0.0
   2.5665917500e-01   1.3401117502e-03   4.1515854612e-05   0.0
   2.6255156154e-01   1.3111205940e-03   3.9441412627e-05   0.0
   2.6867963846e-01   1.2520044180e-03   3.8976822996e-05   0.0
   2.7480770769e-01   1.2060113310e-03   3.8456802778e-05   0.0
   2.8093576923e-01   1.1586588930e-03   3.7995671667e-05   0.0
   2.8729954286e-01   1.0766726100e-03   3.8486234741e-05   0.0
   2.9389900714e-01   1.0778014845e-03   3.7585261821e-05   0.0
   3.0049846429e-01   1.0845384030e-03   3.6163637913e-05   0.0
   3.0733363333e-01   1.0468888248e-03   3.4333646844e-05   0.0
   3.1440446667e-01   1.0388952756e-03   3.3846313692e-05   0.0
   3.2147533333e-01   1.0834727904e-03   3.3408716004e-05   0.0
   3.2854617333e-01   1.0432579248e-03   3.2929582173e-05   0.0
   3.3585273750e-01   1.0111880347e-03   3.1590356226e-05   0.0
   3.4339496250e-01   1.0123731174e-03   3.3539654906e-05   0.0
   3.5093721250e-01   1.0473500429e-03   3.4407448314e-05   0.0
   3.5871515294e-01   9.3538934259e-04   3.3818388250e-05   0.0
   3.6672878235e-01   9.6709366122e-04   3.6318161181e-05   0.0
   3.7497811111e-01   1.0110423505e-03   3.9054924943e-05   0.0
   3.8346313333e-01   9.7461138775e-04   4.1754298008e-05   0.0
   3.9194815556e-01   8.9669565895e-04   4.4392628788e-05   0.0
   4.0066887368e-01   9.5710524575e-04   4.5145339721e-05   0.0
   4.0962528421e-01   8.7049143952e-04   4.8016496547e-05   0.0
   4.1858169474e-01   8.2350292235e-04   5.1331527838e-05   0.0
   4.2777381000e-01   7.4274770525e-04   5.3951702421e-05   0.0
   4.3720161000e-01   6.9739827885e-04   5.8793808353e-05   0.0
   4.4686510476e-01   7.6172381610e-04   6.1706266648e-05   0.0
   4.5676430476e-01   8.2175874690e-04   6.8761547191e-05   0.0
   4.6666349524e-01   8.7813748230e-04   7.9791457193e-05   0.0
   4.7679838182e-01   7.8270258637e-04   9.5972546625e-05   0.0
   4.8716896818e-01   7.8533217945e-04   1.4032104503e-04   0.0
   4.9353272000e-01   1.3838983426e-03   5.6253034933e-04   0.0
